mtllib unnamed.mtl
# vertices
v -64 -16 -64
v -64 -16 -0
v -64 48 -0
v -64 48 -64
v 64 48 -0
v 64 -16 -0
v 64 -16 -64
v 64 48 -64
v -176 64 -576
v -176 64 -512
v -176 80 -512
v -176 80 -576
v -112 80 -512
v -112 64 -512
v -112 64 -576
v -112 80 -576
v 32 0 -544
v 32 0 -480
v 32 16 -480
v 32 16 -544
v 96 16 -480
v 96 0 -480
v 96 0 -544
v 96 16 -544
v -16 48 -560
v -16 48 -496
v -16 64 -496
v -16 64 -560
v 48 64 -496
v 48 48 -496
v 48 48 -560
v 48 64 -560
v -90.39510483225376 -19.612383815372596 -394.39510483225376
v -90.66666666666606 -16.652636953032925 -394.66666666666606
v -90.47639929967934 -19.611183549658058 -395.0472014006395
v -90.66666666666606 108.7755884508172 -394.66666666666606
v -56.33067807736967 112.28542414796902 -463.3386438452589
v -56.204660994275706 -16.107915537025406 -463.5906780114468
v -40 112.180382837033 -344
v -40 -16.225838354370993 -344
v -48.98045090460073 -15.527616926760857 -464.49022545229855
v -48.60201098105871 112.90624424034532 -464.3010054905294
v -33.02207510629859 114.04415021259719 -456.5110375531493
v -32.43278512419461 112.86557024838923 -351.5672148758056
v 4 -12.241777296996478 -388
v -16 -13.118836020775777 -448
v -16 80 -448
v 4 40 -388
v -32 80 -304
v -32 80 -240
v -32 96 -240
v -32 96 -304
v 32 96 -240
v 32 80 -240
v 32 80 -304
v 32 96 -304
v -5.682300869379105 107.86659003632887 -144.64977091179026
v -48.34032114111551 107.99573818526551 -201.04111980459925
v -40.36950851962824 -19.599325729730623 -207.36297164374366
v 2.2885117521958804 -19.728473878671206 -150.97162275082093
v 12.974013221228233 -14.268271262948929 -247.7032114257454
v 5.003200599683801 113.32679265208222 -241.38135958655891
v 47.66122087134241 113.1976445031394 -184.99001069372304
v 55.63203349296964 -14.397419411896408 -191.3118625327952
v 64 0 -64
v 64 0 -0
v 64 64 -0
v 64 64 -64
v 96 64 -0
v 96 0 -0
v 96 0 -64
v 96 64 -64
v -54.6274169979697 -16 12.117749006087251
v -99.88225099390911 -16 57.37258300202666
v -99.88225099390911 48 57.37258300202666
v -54.62741699797128 48 12.117749006089745
v -9.372583002026659 48 147.88225099390183
v -9.372583002025948 -16 147.8822509939044
v 35.88225099391052 -16 102.62741699796749
v 35.88225099390911 48 102.6274169979697
v 6.6274169979697035 -16 156.11774900609453
v -83.88225099390729 -16 246.6274169979697
v -83.8822509939073 48 246.6274169979697
v 6.627416997968453 48 156.1177490060903
v -38.6274169979697 48 291.8822509939091
v -38.62741699796898 -16 291.88225099390803
v 51.88225099391275 -16 201.37258300202666
v 51.8822509939088 48 201.3725830020306
v -134.62741699796607 54.6274169979697 140.11774900608725
v -198.6274169979697 -9.372583002037572 230.62741699798062
v -166.62741699797095 22.62741699795938 275.88225099391633
v -102.62741699796642 86.62741699796575 185.3725830020298
v -153.37258300203757 -54.6274169979697 230.62741699798028
v -89.37258300202866 9.372583002032286 140.11774900608725
v -121.37258300203757 -22.62741699797698 275.88225099391633
v -57.37258300203757 41.372583002033934 185.37258300203013
v 112 96 -384
v 112 96 -64
v 112 144 -64
v 112 144 -384
v 160 144 -64
v 160 96 -64
v 160 96 -384
v 160 144 -384
v 89.3725830020303 -26.78775382679305 173.653938418056
v 44.11774900609757 12.40408205773565 151.0265214200881
v 44.11774900609679 -19.595917942266148 95.60089557788368
v 89.37258300203082 -58.78775382679615 118.22831257585165
v 134.62741699797334 58.787753826800326 50.346061581944014
v 134.6274169979706 90.78775382679754 105.77168742415105
v 179.88225099390735 51.59591794226829 128.39910442211925
v 179.88225099390547 19.59591794226435 72.97347857991554
v -32 -16 256
v -32 -16 384
v -32 48 384
v -32 48 256
v 32 48 384
v 32 -16 384
v 32 -16 256
v 32 48 256
v -48 -51.88225099391275 550.6274169979697
v -48 -6.6274169979733415 595.8822509939127
v -48 83.8822509939087 505.3725830020307
v -48 38.62741699797496 460.117749006097
v 16 83.8822509939087 505.3725830020307
v 16 -6.6274169979733415 595.8822509939127
v 16 -51.88225099391275 550.6274169979697
v 16 38.62741699797496 460.117749006097

# texture coordinates
vt 1 -0
vt 0 -0
vt 0 1
vt 1 1
vt -1 1
vt -1 -0
vt 9 1
vt 8 1
vt 8 1.25
vt 9 1.25
vt -1.25 1.25
vt -2.25 1.25
vt -2.25 1
vt -1.25 1
vt -1.25 8
vt -2.25 8
vt -2.25 9
vt -1.25 9
vt -2 18
vt -3 18
vt -3 16
vt -2 16
vt 8.5 -0
vt 7.5 -0
vt 7.5 0.25
vt 8.5 0.25
vt 1.5 0.25
vt 0.5 0.25
vt 0.5 -0
vt 1.5 -0
vt 1.5 7.5
vt 0.5 7.5
vt 0.5 8.5
vt 1.5 8.5
vt 8.75 0.75
vt 7.75 0.75
vt 7.75 1
vt 8.75 1
vt 0.75 1
vt -0.25 1
vt -0.25 0.75
vt 0.75 0.75
vt 0.75 7.75
vt -0.25 7.75
vt -0.25 8.75
vt 0.75 8.75
vt 6.0030065 -0.11757371
vt 6.007367 -0.15850419
vt 6.013274 -0.11757383
vt 6.0109754 -1.8933486
vt 7.092353 -1.9401592
vt 7.0926275 -0.16429675
vt 5.2133 -1.9417219
vt 5.2096066 -0.16568774
vt 0.00013527274 0.7198081
vt 0.00029881299 0.8337977
vt -1.9999262 0.6769895
vt -2.000101 0.5550402
vt -0.51596993 7.1329975
vt -0.75940645 7.2547154
vt -0.8801668 7.239679
vt -1.4166666 6.166679
vt -0.625 5.3750124
vt -0.50676227 5.49325
vt 5.7116246 -0.9141375
vt 5.114454 -0.19969033
vt 5.9932413 0.43718755
vt 6.003509 0.43718755
vt 7.0000305 -0.18098226
vt 7.000014 -0.28690132
vt 6.6805835 -0.73337847
vt 0.0031341463 0.19971243
vt -1.9986844 0.30934742
vt -1.4474411 0.08455233
vt -0.3510492 -5.952504
vt -1.5308895 -5.4713697
vt -1.5295134 -5.3518724
vt 0.47075737 -5.1930723
vt 0.4627564 -5.8878975
vt 7 1.25
vt 7.132985 1.7819399
vt 5.4932375 1.7635245
vt 6.0625 0.625
vt 6.5761056 -0.20920882
vt 6.5548334 1.245773
vt 5.626471 0.6070665
vt 5.6384053 -0.20921125
vt 5 1.5
vt 4 1.5
vt 4 1.75
vt 5 1.75
vt 0.75 1.75
vt -0.25 1.75
vt -0.25 1.5
vt 0.75 1.5
vt 0.75 4
vt -0.25 4
vt -0.25 5
vt 0.75 5
vt 1 5
vt 0 5
vt 0 4
vt 1 4
vt 2.2601526 1.9354155
vt 3.1412675 1.9374334
vt 3.2400465 -0.056239456
vt 2.3589315 -0.0582574
vt 0.20271896 0.027058259
vt -0.63077354 -0.056239456
vt -0.7553175 1.9374334
vt 0.07817501 2.020731
vt 3.9688208 -0.3625388
vt 3.4463246 0.48014826
vt 2.4896028 -0.03436193
vt 3.012099 -0.87704897
vt 2.9032419 -0.8711257
vt 2.3808763 -0.028367966
vt 3.33768 0.48601282
vt 3.8600454 -0.35674495
vt -1.9880974 -0.7032011
vt -1.9705935 0.13979115
vt 0.026834816 0.1726097
vt 0.009330958 -0.67038256
vt 2.8708296 0.05524075
vt 3.7587626 0.054799184
vt 3.6628902 -2.1022465
vt 2.7749574 -2.101805
vt 1.5 1
vt -2 -0
vt -2 1
vt 4.4703484e-08 1
vt 4.4703484e-08 -0
vt 1 -1
vt -1 -1
vt 2 -0
vt 2 1
vt -3 1
vt -3 -0
vt -5 -0
vt -5 1
vt -6 1
vt -6 -0
vt -1 -3
vt -3 -3
vt -3 -1.9999999
vt -1 -1.9999999
vt -4 1
vt -4 -0
vt -2.8333335 -0.028595388
vt -4.8333335 -0.028595507
vt -5.166667 -0.97140455
vt -3.1666667 -0.97140443
vt -4 2
vt -2 2
vt 2 2
vt 3 2
vt 3 1
vt -1 2
vt -3 2
vt 1 2
vt 0 2
vt -2.8333335 -1.0285954
vt -3.1666667 -1.9714046
vt -5.166667 -1.9714046
vt -4.8333335 -1.0285956
vt 5.75 1.5
vt 0.75 2.25
vt 5.75 2.25
vt 2.5 2.25
vt 1.75 2.25
vt 1.75 1.5
vt 2.5 1.5
vt 2.5 0.75
vt 1.75 0.75
vt 1.75 5.75
vt 2.5 5.75
vt 5.9604645e-08 1
vt 5.9604645e-08 2
vt 1.9285713 -1.0032599
vt -0.0714286 -1.00326
vt 0.0714286 -1.9967401
vt 2.0714283 -1.99674
vt 2.0714285 -1.99674
vt -0.07142863 -1.00326
vt 1.9285712 -1.0032599
vt -6 -1
vt -4 -1
vt -7 5
vt -7 6
vt -5 6
vt -5 5
vt -11 -1
vt -11 -0
vt -13 -0
vt -13 -1
vt -1 13
vt 0 13
vt 0 12
vt -1 12
vt -1 10
vt 0 10
vt 0 11
vt -1 11
vt -1.9999999 -1
vt -1.9999999 -0
vt 1.1920929e-07 -0
vt 1.1920929e-07 -1

# normals
vn -1 0 -0
vn 0 0 1
vn 0 -1 -0
vn 0 1 -0
vn 0 0 -1
vn 1 0 -0
vn -0.989198919740084 -0.07945931129839791 0.12317351595629342
vn -0.8944271909999159 0 -0.4472135954999579
vn -0.7071067811865475 0 0.7071067811865475
vn -0.12370848074622874 0.0018264840448091349 -0.9923169230379446
vn -0.07862384483326762 0.9968364368360206 0.011636546725744724
vn 0.0786238448326534 -0.9968364368360693 -0.011636546725722943
vn 0.4472135954999579 0 -0.8944271909999159
vn 0.7071067811865475 0 0.7071067811865475
vn 0.8944271909999159 0.4472135954999579 -0
vn 0.9486832980505138 0 -0.31622776601683794
vn -0.7950846359128934 -0.0794593112984085 0.601270853761634
vn -0.6032931485087734 0.0018264840448090492 -0.7975174235829616
vn -0.06227197360594309 0.9968364368360207 0.0493894674934537
vn 0.06227197360542401 -0.9968364368360693 -0.04938946749312678
vn 0.6032931485090073 -0.0018264840436896213 0.7975174235827873
vn 0.7950846359135377 0.07945931129896258 -0.6012708537607089
vn -0.7071067811865405 0 -0.7071067811865547
vn -0.7071067811865263 0 0.7071067811865689
vn 0.7071067811865476 -0 -0.7071067811865476
vn 0.707106781186551 0 0.7071067811865439
vn -0.7071067811865617 0 -0.7071067811865333
vn -0.7071067811865476 0 0.7071067811865476
vn 0.7071067811865476 0 0.7071067811865476
vn -0.7071067811865426 0.7071067811865526 2.1316282072802987e-14
vn -0.5000000000000128 -0.5000000000000128 -0.7071067811865296
vn -0.49999999999999345 -0.5000000000000036 0.7071067811865497
vn 0.499999999999997 0.5000000000000071 0.7071067811865447
vn 0.49999999999999856 0.49999999999999856 -0.7071067811865497
vn 0.7071067811865476 -0.7071067811865476 -0
vn -0.7071067811865749 -0.6123724356957589 0.353553390593281
vn -0.707106781186564 0.6123724356957769 -0.35355339059327134
vn 0 0.4999999999999824 0.8660254037844488
vn 0 -0.4999999999999824 -0.8660254037844488
vn 0.7071067811865458 -0.6123724356957815 0.3535533905932999
vn 0.7071067811865498 0.6123724356957893 -0.35355339059327845
vn 0 0.7071067811865476 0.7071067811865476
vn -0 -0.7071067811865759 0.707106781186519
vn 0 0.7071067811865476 -0.7071067811865476
vn 0 -0.7071067811864906 -0.7071067811866043

o entity0_brush0
usemtl 64_uv_1
f  1/1/1  2/2/1  3/3/1  4/4/1
usemtl 64_uv_1
f  5/4/2  3/5/2  2/6/2  6/1/2
usemtl 64_uv_1
f  6/1/3  2/6/3  1/5/3  7/4/3
usemtl 64_uv_1
f  8/4/4  4/5/4  3/6/4  5/1/4
usemtl 64_uv_1
f  7/1/5  1/6/5  4/5/5  8/4/5
usemtl 64_uv_1
f  8/4/6  5/3/6  6/2/6  7/1/6

o entity0_brush1
usemtl 64_uv_1
f  9/7/1  10/8/1  11/9/1  12/10/1
usemtl 64_uv_1
f  13/11/2  11/12/2  10/13/2  14/14/2
usemtl 64_uv_1
f  14/15/3  10/16/3  9/17/3  15/18/3
usemtl 64_uv_1
f  16/19/4  12/20/4  11/21/4  13/22/4
usemtl 64_uv_1
f  15/14/5  9/13/5  12/12/5  16/11/5
usemtl 64_uv_1
f  16/10/6  13/9/6  14/8/6  15/7/6

o entity0_brush2
usemtl 64_uv_1
f  17/23/1  18/24/1  19/25/1  20/26/1
usemtl 64_uv_1
f  21/27/2  19/28/2  18/29/2  22/30/2
usemtl 64_uv_1
f  22/31/3  18/32/3  17/33/3  23/34/3
usemtl 64_uv_1
f  24/34/4  20/33/4  19/32/4  21/31/4
usemtl 64_uv_1
f  23/30/5  17/29/5  20/28/5  24/27/5
usemtl 64_uv_1
f  24/26/6  21/25/6  22/24/6  23/23/6

o entity0_brush3
usemtl 64_uv_1
f  25/35/1  26/36/1  27/37/1  28/38/1
usemtl 64_uv_1
f  29/39/2  27/40/2  26/41/2  30/42/2
usemtl 64_uv_1
f  30/43/3  26/44/3  25/45/3  31/46/3
usemtl 64_uv_1
f  32/46/4  28/45/4  27/44/4  29/43/4
usemtl 64_uv_1
f  31/42/5  25/41/5  28/40/5  32/39/5
usemtl 64_uv_1
f  32/38/6  29/37/6  30/36/6  31/35/6

o entity0_brush4
usemtl 64_uv_1
f  33/47/7  34/48/7  35/49/7
usemtl 64_uv_1
f  35/49/8  34/48/8  36/50/8  37/51/8  38/52/8
usemtl 64_uv_1
f  39/53/9  36/50/9  34/48/9  33/47/9  40/54/9
usemtl 64_uv_1
f  41/55/10  38/56/10  37/57/10  42/58/10
usemtl 64_uv_1
f  43/59/11  42/60/11  37/61/11  36/62/11  39/63/11  44/64/11
usemtl 64_uv_1
f  45/65/12  40/66/12  33/67/12  35/68/12  38/69/12  41/70/12  46/71/12
usemtl 64_uv_1
f  46/72/13  41/55/13  42/58/13  43/73/13  47/74/13
usemtl 64_uv_1
f  48/75/14  44/76/14  39/77/14  40/78/14  45/79/14
usemtl 64_uv_1
f  47/80/15  43/81/15  44/82/15  48/83/15
usemtl 64_uv_1
f  46/84/16  47/85/16  48/86/16  45/87/16

o entity0_brush5
usemtl 64_uv_1
f  49/88/1  50/89/1  51/90/1  52/91/1
usemtl 64_uv_1
f  53/92/2  51/93/2  50/94/2  54/95/2
usemtl 64_uv_1
f  54/96/3  50/97/3  49/98/3  55/99/3
usemtl 64_uv_1
f  56/100/4  52/101/4  51/102/4  53/103/4
usemtl 64_uv_1
f  55/95/5  49/94/5  52/93/5  56/92/5
usemtl 64_uv_1
f  56/91/6  53/90/6  54/89/6  55/88/6

o entity0_brush6
usemtl 64_uv_1
f  57/104/17  58/105/17  59/106/17  60/107/17
usemtl 64_uv_1
f  61/108/18  59/109/18  58/110/18  62/111/18
usemtl 64_uv_1
f  62/112/19  58/113/19  57/114/19  63/115/19
usemtl 64_uv_1
f  64/116/20  60/117/20  59/118/20  61/119/20
usemtl 64_uv_1
f  63/120/21  57/121/21  60/122/21  64/123/21
usemtl 64_uv_1
f  64/124/22  61/125/22  62/126/22  63/127/22

o entity0_brush7
usemtl 64_uv_1
f  65/1/1  66/2/1  67/3/1  68/4/1
usemtl 64_uv_1
f  69/128/2  67/4/2  66/1/2  70/30/2
usemtl 64_uv_1
f  70/30/3  66/1/3  65/4/3  71/128/3
usemtl 64_uv_1
f  72/128/4  68/4/4  67/1/4  69/30/4
usemtl 64_uv_1
f  71/30/5  65/1/5  68/4/5  72/128/5
usemtl 64_uv_1
f  72/4/6  69/3/6  70/2/6  71/1/6

o entity0_brush8
usemtl 64_uv_1
f  73/6/23  74/129/23  75/130/23  76/5/23
usemtl 64_uv_1
f  77/131/24  75/130/24  74/129/24  78/132/24
usemtl 64_uv_1
f  78/133/3  74/134/3  73/6/3  79/1/3
usemtl 64_uv_1
f  80/1/4  76/6/4  75/134/4  77/133/4
usemtl 64_uv_1
f  79/135/25  73/2/25  76/3/25  80/136/25
usemtl 64_uv_1
f  80/130/26  77/137/26  78/138/26  79/129/26

o entity0_brush9
usemtl 64_uv_1
f  81/138/27  82/139/27  83/140/27  84/137/27
usemtl 64_uv_1
f  85/141/28  83/140/28  82/139/28  86/142/28
usemtl 64_uv_1
f  87/143/3  86/144/3  82/145/3  81/146/3
usemtl 64_uv_1
f  84/146/4  83/145/4  85/144/4  88/143/4
usemtl 64_uv_1
f  88/147/29  85/141/29  86/142/29  87/148/29
usemtl 64_uv_1
f  81/138/25  84/137/25  88/147/25  87/148/25

o entity0_brush10
usemtl 64_uv_1
f  89/149/30  90/150/30  91/151/30  92/152/30
usemtl 64_uv_1
f  93/147/31  90/153/31  89/154/31  94/130/31
usemtl 64_uv_1
f  95/136/32  91/155/32  90/156/32  93/157/32
usemtl 64_uv_1
f  96/5/33  92/158/33  91/159/33  95/137/33
usemtl 64_uv_1
f  94/4/34  89/160/34  92/161/34  96/3/34
usemtl 64_uv_1
f  94/162/35  96/163/35  95/164/35  93/165/35

o entity0_brush11
usemtl 64_uv_1
f  97/166/1  98/95/1  99/167/1  100/168/1
usemtl 64_uv_1
f  101/169/2  99/170/2  98/171/2  102/172/2
usemtl 64_uv_1
f  102/173/3  98/174/3  97/175/3  103/176/3
usemtl 64_uv_1
f  104/176/4  100/175/4  99/174/4  101/173/4
usemtl 64_uv_1
f  103/172/5  97/171/5  100/170/5  104/169/5
usemtl 64_uv_1
f  104/168/6  101/167/6  102/95/6  103/166/6

o entity0_brush12
usemtl 64_uv_1
f  105/159/36  106/154/36  107/130/36  108/137/36
usemtl 64_uv_1
f  109/177/37  107/130/37  106/154/37  110/178/37
usemtl 64_uv_1
f  110/179/38  106/180/38  105/181/38  111/182/38
usemtl 64_uv_1
f  112/183/39  108/181/39  107/184/39  109/185/39
usemtl 64_uv_1
f  111/158/40  105/159/40  108/137/40  112/5/40
usemtl 64_uv_1
f  112/5/41  109/177/41  110/178/41  111/158/41

o entity0_brush13
usemtl 64_uv_1
f  113/148/1  114/142/1  115/141/1  116/147/1
usemtl 64_uv_1
f  117/5/2  115/3/2  114/2/2  118/6/2
usemtl 64_uv_1
f  118/186/3  114/142/3  113/148/3  119/187/3
usemtl 64_uv_1
f  120/187/4  116/148/4  115/142/4  117/186/4
usemtl 64_uv_1
f  119/6/5  113/2/5  116/3/5  120/5/5
usemtl 64_uv_1
f  120/147/6  117/141/6  118/142/6  119/148/6

o entity0_brush14
usemtl 64_uv_1
f  121/188/1  122/189/1  123/190/1  124/191/1
usemtl 64_uv_1
f  125/192/42  123/193/42  122/194/42  126/195/42
usemtl 64_uv_1
f  126/196/43  122/197/43  121/198/43  127/199/43
usemtl 64_uv_1
f  128/200/44  124/201/44  123/202/44  125/203/44
usemtl 64_uv_1
f  127/204/45  121/205/45  124/206/45  128/207/45
usemtl 64_uv_1
f  128/191/6  125/190/6  126/189/6  127/188/6

